Gora#1 62 0 0 7.2
Gora#2 63 2.6 0.4 7.2625
Gora#3 64 5.2 0.8 7.325
Gora#4 65 7.8 1.2 7.3875
Gora#5 66 10.4 1.6 7.45
Gora#6 67 13 2 7.5125
Gora#7 68 15.6 2.4 7.575
Gora#8 69 18.2 2.8 7.6375
Gora#9 70 20.8 3.2 7.7
Gora#10 71 23.4 3.6 7.7625
Gora#11 72 26 4 7.825
Gora#12 73 28.6 4.4 7.8875
Gora#13 74 31.2 4.8 7.95
Gora#14 75 33.8 5.2 8.0125
Gora#15 76 36.4 5.6 8.075
Gora#16 77 39 6 8.1375
Gora#17 78 41.6 6.4 8.2
Gora#18 79 44.2 6.8 8.2625
Gora#19 80 46.8 7.2 8.325
Gora#20 81 49.4 7.6 8.3875
Gora#21 82 52 8 8.45
Gora#22 83 54.6 8.4 8.5125
Gora#23 84 57.2 8.8 8.575
Gora#24 85 59.8 9.2 8.6375
Gora#25 86 62.4 9.6 8.7
Gora#26 87 65 10 8.7625
Gora#27 88 67.6 10.4 8.825
Gora#28 89 70.2 10.8 8.8875
Gora#29 90 72.8 11.2 8.95
Gora#30 91 75.4 11.6 9.0125
Gora#31 92 78 12 9.075
Gora#32 93 80.6 12.4 9.1375
Gora#33 94 83.2 12.8 9.2
Gora#34 95 85.8 13.2 9.2625
Gora#35 96 88.4 13.6 9.325
Gora#36 97 91 14 9.3875
Gora#37 98 93.6 14.4 9.45
Gora#38 99 96.2 14.8 9.5125
Gora#39 0 98.8 15.2 9.575
Gora#40 1 101.4 15.6 9.6375
Gora#41 2 104 16 9.7
Gora#42 3 106.6 16.4 9.7625
Gora#43 4 109.2 16.8 9.825
Gora#44 5 111.8 17.2 9.8875
Gora#45 6 114.4 17.6 9.95
Gora#46 7 117 18 10.0125
Gora#47 8 119.6 18.4 10.075
Gora#48 9 122.2 18.8 10.1375
Gora#49 10 124.8 19.2 10.2
Gora#50 11 127.4 19.6 10.2625
Gora#51 12 130 20 10.325
Gora#52 13 132.6 20.4 10.3875
Gora#53 14 135.2 20.8 10.45
Gora#54 15 137.8 21.2 10.5125
Gora#55 16 140.4 21.6 10.575
Gora#56 17 143 22 10.6375
Gora#57 18 145.6 22.4 10.7
Gora#58 19 148.2 22.8 10.7625
Gora#59 20 150.8 23.2 10.825
Gora#60 21 153.4 23.6 10.8875
Gora#61 22 156 24 10.95
Gora#62 23 158.6 24.4 11.0125
Gora#63 24 161.2 24.8 11.075
Gora#64 25 163.8 25.2 11.1375
Gora#65 26 166.4 25.6 11.2
Gora#66 27 169 26 11.2625
Gora#67 28 171.6 26.4 11.325
Gora#68 29 174.2 26.8 11.3875
Gora#69 30 176.8 27.2 11.45
Gora#70 31 179.4 27.6 11.5125
Gora#71 32 182 28 11.575
Gora#72 33 184.6 28.4 11.6375
Gora#73 34 187.2 28.8 11.7
Gora#74 35 189.8 29.2 11.7625
Gora#75 36 192.4 29.6 11.825
Gora#76 37 195 30 11.8875
Gora#77 38 197.6 30.4 11.95
Gora#78 39 200.2 30.8 12.0125
Gora#79 40 202.8 31.2 12.075
Gora#80 41 205.4 31.6 12.1375
Gora#81 42 208 32 12.2
Gora#82 43 210.6 32.4 12.2625
Gora#83 44 213.2 32.8 12.325
Gora#84 45 215.8 33.2 12.3875
Gora#85 46 218.4 33.6 12.45
Gora#86 47 221 34 12.5125
Gora#87 48 223.6 34.4 12.575
Gora#88 49 226.2 34.8 12.6375
Gora#89 50 228.8 35.2 12.7
Gora#90 51 231.4 35.6 12.7625
Gora#91 52 234 36 12.825
Gora#92 53 236.6 36.4 12.8875
Gora#93 54 239.2 36.8 12.95
Gora#94 55 241.8 37.2 13.0125
Gora#95 56 244.4 37.6 13.075
Gora#96 57 247 38 13.1375
Gora#97 58 249.6 38.4 13.2
Gora#98 59 252.2 38.8 13.2625
Gora#99 60 254.8 39.2 13.325
Gora#100 61 257.4 39.6 13.3875
Gora#101 62 260 40 13.45
Gora#102 63 262.6 40.4 13.5125
Gora#103 64 265.2 40.8 13.575
Gora#104 65 267.8 41.2 13.6375
Gora#105 66 270.4 41.6 13.7
Gora#106 67 273 42 13.7625
Gora#107 68 275.6 42.4 13.825
Gora#108 69 278.2 42.8 13.8875
Gora#109 70 280.8 43.2 13.95
Gora#110 71 283.4 43.6 14.0125
Gora#111 72 286 44 14.075
Gora#112 73 288.6 44.4 14.1375
Gora#113 74 291.2 44.8 14.2
Gora#114 75 293.8 45.2 14.2625
Gora#115 76 296.4 45.6 14.325
Gora#116 77 299 46 14.3875
Gora#117 78 301.6 46.4 14.45
Gora#118 79 304.2 46.8 14.5125
Gora#119 80 306.8 47.2 14.575
Gora#120 81 309.4 47.6 14.6375
Gora#121 82 312 48 14.7
Gora#122 83 314.6 48.4 14.7625
Gora#123 84 317.2 48.8 14.825
Gora#124 85 319.8 49.2 14.8875
Gora#125 86 322.4 49.6 14.95
Gora#126 87 325 50 15.0125
Gora#127 88 327.6 50.4 15.075
Gora#128 89 330.2 50.8 15.1375
Gora#129 90 332.8 51.2 15.2
Gora#130 91 335.4 51.6 15.2625
Gora#131 92 338 52 15.325
Gora#132 93 340.6 52.4 15.3875
Gora#133 94 343.2 52.8 15.45
Gora#134 95 345.8 53.2 15.5125
Gora#135 96 348.4 53.6 15.575
Gora#136 97 351 54 15.6375
Gora#137 98 353.6 54.4 15.7
Gora#138 99 356.2 54.8 15.7625
Gora#139 0 358.8 55.2 15.825
Gora#140 1 361.4 55.6 15.8875
Gora#141 2 364 56 15.95
Gora#142 3 366.6 56.4 16.0125
Gora#143 4 369.2 56.8 16.075
Gora#144 5 371.8 57.2 16.1375
Gora#145 6 374.4 57.6 16.2
Gora#146 7 377 58 16.2625
Gora#147 8 379.6 58.4 16.325
Gora#148 9 382.2 58.8 16.3875
Gora#149 10 384.8 59.2 16.45
Gora#150 11 387.4 59.6 16.5125
Gora#151 12 390 60 16.575
Gora#152 13 392.6 60.4 16.6375
Gora#153 14 395.2 60.8 16.7
Gora#154 15 397.8 61.2 16.7625
Gora#155 16 400.4 61.6 16.825
Gora#156 17 403 62 16.8875
Gora#157 18 405.6 62.4 16.95
Gora#158 19 408.2 62.8 17.0125
Gora#159 20 410.8 63.2 17.075
Gora#160 21 413.4 63.6 17.1375
Gora#161 22 416 64 17.2
Gora#162 23 418.6 64.4 17.2625
Gora#163 24 421.2 64.8 17.325
Gora#164 25 423.8 65.2 17.3875
Gora#165 26 426.4 65.6 17.45
Gora#166 27 429 66 17.5125
Gora#167 28 431.6 66.4 17.575
Gora#168 29 434.2 66.8 17.6375
Gora#169 30 436.8 67.2 17.7
Gora#170 31 439.4 67.6 17.7625
Gora#171 32 442 68 17.825
Gora#172 33 444.6 68.4 17.8875
Gora#173 34 447.2 68.8 17.95
Gora#174 35 449.8 69.2 18.0125
Gora#175 36 452.4 69.6 18.075
Gora#176 37 455 70 18.1375
Gora#177 38 457.6 70.4 18.2
Gora#178 39 460.2 70.8 18.2625
Gora#179 40 462.8 71.2 18.325
Gora#180 41 465.4 71.6 18.3875
Gora#181 42 468 72 18.45
Gora#182 43 470.6 72.4 18.5125
Gora#183 44 473.2 72.8 18.575
Gora#184 45 475.8 73.2 18.6375
Gora#185 46 478.4 73.6 18.7
Gora#186 47 481 74 18.7625
Gora#187 48 483.6 74.4 18.825
Gora#188 49 486.2 74.8 18.8875
Gora#189 50 488.8 75.2 18.95
Gora#190 51 491.4 75.6 19.0125
Gora#191 52 494 76 19.075
Gora#192 53 496.6 76.4 19.1375
Gora#193 54 499.2 76.8 19.2
Gora#194 55 501.8 77.2 19.2625
Gora#195 56 504.4 77.6 19.325
Gora#196 57 507 78 19.3875
Gora#197 58 509.6 78.4 19.45
Gora#198 59 512.2 78.8 19.5125
Gora#199 60 514.8 79.2 19.575
Gora#200 61 517.4 79.6 19.6375
Gora#201 62 520 80 19.7
Gora#202 63 522.6 80.4 19.7625
Gora#203 64 525.2 80.8 19.825
Gora#204 65 527.8 81.2 19.8875
Gora#205 66 530.4 81.6 19.95
Gora#206 67 533 82 20.0125
Gora#207 68 535.6 82.4 20.075
Gora#208 69 538.2 82.8 20.1375
Gora#209 70 540.8 83.2 20.2
Gora#210 71 543.4 83.6 20.2625
Gora#211 72 546 84 20.325
Gora#212 73 548.6 84.4 20.3875
Gora#213 74 551.2 84.8 20.45
Gora#214 75 553.8 85.2 20.5125
Gora#215 76 556.4 85.6 20.575
Gora#216 77 559 86 20.6375
Gora#217 78 561.6 86.4 20.7
Gora#218 79 564.2 86.8 20.7625
Gora#219 80 566.8 87.2 20.825
Gora#220 81 569.4 87.6 20.8875
Gora#221 82 572 88 20.95
Gora#222 83 574.6 88.4 21.0125
Gora#223 84 577.2 88.8 21.075
Gora#224 85 579.8 89.2 21.1375
Gora#225 86 582.4 89.6 21.2
Gora#226 87 585 90 21.2625
Gora#227 88 587.6 90.4 21.325
Gora#228 89 590.2 90.8 21.3875
Gora#229 90 592.8 91.2 21.45
Gora#230 91 595.4 91.6 21.5125
Gora#231 92 598 92 21.575
Gora#232 93 600.6 92.4 21.6375
Gora#233 94 603.2 92.8 21.7
Gora#234 95 605.8 93.2 21.7625
Gora#235 96 608.4 93.6 21.825
Gora#236 97 611 94 21.8875
Gora#237 98 613.6 94.4 21.95
Gora#238 99 616.2 94.8 22.0125
Gora#239 0 618.8 95.2 22.075
Gora#240 1 621.4 95.6 22.1375
Gora#241 2 624 96 22.2
Gora#242 3 626.6 96.4 22.2625
Gora#243 4 629.2 96.8 22.325
Gora#244 5 631.8 97.2 22.3875
Gora#245 6 634.4 97.6 22.45
Gora#246 7 637 98 22.5125
Gora#247 8 639.6 98.4 22.575
Gora#248 9 642.2 98.8 22.6375
Gora#249 10 644.8 99.2 22.7
Gora#250 11 647.4 99.6 22.7625
Gora#251 12 650 100 22.825
Gora#252 13 652.6 100.4 22.8875
Gora#253 14 655.2 100.8 22.95
Gora#254 15 657.8 101.2 23.0125
Gora#255 16 660.4 101.6 23.075
Gora#256 17 663 102 23.1375
Gora#257 18 665.6 102.4 23.2
Gora#258 19 668.2 102.8 23.2625
Gora#259 20 670.8 103.2 23.325
Gora#260 21 673.4 103.6 23.3875
Gora#261 22 676 104 23.45
Gora#262 23 678.6 104.4 23.5125
Gora#263 24 681.2 104.8 23.575
Gora#264 25 683.8 105.2 23.6375
Gora#265 26 686.4 105.6 23.7
Gora#266 27 689 106 23.7625
Gora#267 28 691.6 106.4 23.825
Gora#268 29 694.2 106.8 23.8875
Gora#269 30 696.8 107.2 23.95
Gora#270 31 699.4 107.6 24.0125
Gora#271 32 702 108 24.075
Gora#272 33 704.6 108.4 24.1375
Gora#273 34 707.2 108.8 24.2
Gora#274 35 709.8 109.2 24.2625
Gora#275 36 712.4 109.6 24.325
Gora#276 37 715 110 24.3875
Gora#277 38 717.6 110.4 24.45
Gora#278 39 720.2 110.8 24.5125
Gora#279 40 722.8 111.2 24.575
Gora#280 41 725.4 111.6 24.6375
Gora#281 42 728 112 24.7
Gora#282 43 730.6 112.4 24.7625
Gora#283 44 733.2 112.8 24.825
Gora#284 45 735.8 113.2 24.8875
Gora#285 46 738.4 113.6 24.95
Gora#286 47 741 114 25.0125
Gora#287 48 743.6 114.4 25.075
Gora#288 49 746.2 114.8 25.1375
Gora#289 50 748.8 115.2 25.2
Gora#290 51 751.4 115.6 25.2625
Gora#291 52 754 116 25.325
Gora#292 53 756.6 116.4 25.3875
Gora#293 54 759.2 116.8 25.45
Gora#294 55 761.8 117.2 25.5125
Gora#295 56 764.4 117.6 25.575
Gora#296 57 767 118 25.6375
Gora#297 58 769.6 118.4 25.7
Gora#298 59 772.2 118.8 25.7625
Gora#299 60 774.8 119.2 25.825
Gora#300 61 777.4 119.6 25.8875
Gora#301 62 780 120 25.95
Gora#302 63 782.6 120.4 26.0125
Gora#303 64 785.2 120.8 26.075
Gora#304 65 787.8 121.2 26.1375
Gora#305 66 790.4 121.6 26.2
Gora#306 67 793 122 26.2625
Gora#307 68 795.6 122.4 26.325
Gora#308 69 798.2 122.8 26.3875
Gora#309 70 800.8 123.2 26.45
Gora#310 71 803.4 123.6 26.5125
Gora#311 72 806 124 26.575
Gora#312 73 808.6 124.4 26.6375
Gora#313 74 811.2 124.8 26.7
Gora#314 75 813.8 125.2 26.7625
Gora#315 76 816.4 125.6 26.825
Gora#316 77 819 126 26.8875
Gora#317 78 821.6 126.4 26.95
Gora#318 79 824.2 126.8 27.0125
Gora#319 80 826.8 127.2 27.075
Gora#320 81 829.4 127.6 27.1375
Gora#321 82 832 128 27.2
Gora#322 83 834.6 128.4 27.2625
Gora#323 84 837.2 128.8 27.325
Gora#324 85 839.8 129.2 27.3875
Gora#325 86 842.4 129.6 27.45
Gora#326 87 845 130 27.5125
Gora#327 88 847.6 130.4 27.575
Gora#328 89 850.2 130.8 27.6375
Gora#329 90 852.8 131.2 27.7
Gora#330 91 855.4 131.6 27.7625
Gora#331 92 858 132 27.825
Gora#332 93 860.6 132.4 27.8875
Gora#333 94 863.2 132.8 27.95
Gora#334 95 865.8 133.2 28.0125
Gora#335 96 868.4 133.6 28.075
Gora#336 97 871 134 28.1375
Gora#337 98 873.6 134.4 28.2
Gora#338 99 876.2 134.8 28.2625
Gora#339 0 878.8 135.2 28.325
Gora#340 1 881.4 135.6 28.3875
Gora#341 2 884 136 28.45
Gora#342 3 886.6 136.4 28.5125
Gora#343 4 889.2 136.8 28.575
Gora#344 5 891.8 137.2 28.6375
Gora#345 6 894.4 137.6 28.7
Gora#346 7 897 138 28.7625
Gora#347 8 899.6 138.4 28.825
Gora#348 9 902.2 138.8 28.8875
Gora#349 10 904.8 139.2 28.95
Gora#350 11 907.4 139.6 29.0125
Gora#351 12 910 140 29.075
Gora#352 13 912.6 140.4 29.1375
Gora#353 14 915.2 140.8 29.2
Gora#354 15 917.8 141.2 29.2625
Gora#355 16 920.4 141.6 29.325
Gora#356 17 923 142 29.3875
Gora#357 18 925.6 142.4 29.45
Gora#358 19 928.2 142.8 29.5125
Gora#359 20 930.8 143.2 29.575
Gora#360 21 933.4 143.6 29.6375
Gora#361 22 936 144 29.7
Gora#362 23 938.6 144.4 29.7625
Gora#363 24 941.2 144.8 29.825
Gora#364 25 943.8 145.2 29.8875
Gora#365 26 946.4 145.6 29.95
Gora#366 27 949 146 30.0125
Gora#367 28 951.6 146.4 30.075
Gora#368 29 954.2 146.8 30.1375
Gora#369 30 956.8 147.2 30.2
Gora#370 31 959.4 147.6 30.2625
Gora#371 32 962 148 30.325
Gora#372 33 964.6 148.4 30.3875
Gora#373 34 967.2 148.8 30.45
Gora#374 35 969.8 149.2 30.5125
Gora#375 36 972.4 149.6 30.575
Gora#376 37 975 150 30.6375
Gora#377 38 977.6 150.4 30.7
Gora#378 39 980.2 150.8 30.7625
Gora#379 40 982.8 151.2 30.825
Gora#380 41 985.4 151.6 30.8875
Gora#381 42 988 152 30.95
Gora#382 43 990.6 152.4 31.0125
Gora#383 44 993.2 152.8 31.075
Gora#384 45 995.8 153.2 31.1375
Gora#385 46 998.4 153.6 31.2
Gora#386 47 1001 154 31.2625
Gora#387 48 1003.6 154.4 31.325
Gora#388 49 1006.2 154.8 31.3875
Gora#389 50 1008.8 155.2 31.45
Gora#390 51 1011.4 155.6 31.5125
Gora#391 52 1014 156 31.575
Gora#392 53 1016.6 156.4 31.6375
Gora#393 54 1019.2 156.8 31.7
Gora#394 55 1021.8 157.2 31.7625
Gora#395 56 1024.4 157.6 31.825
Gora#396 57 1027 158 31.8875
Gora#397 58 1029.6 158.4 31.95
Gora#398 59 1032.2 158.8 32.0125
Gora#399 60 1034.8 159.2 32.075
Gora#400 61 1037.4 159.6 32.1375
Gora#401 62 1040 160 32.2
Gora#402 63 1042.6 160.4 32.2625
Gora#403 64 1045.2 160.8 32.325
Gora#404 65 1047.8 161.2 32.3875
Gora#405 66 1050.4 161.6 32.45
Gora#406 67 1053 162 32.5125
Gora#407 68 1055.6 162.4 32.575
Gora#408 69 1058.2 162.8 32.6375
Gora#409 70 1060.8 163.2 32.7
Gora#410 71 1063.4 163.6 32.7625
Gora#411 72 1066 164 32.825
Gora#412 73 1068.6 164.4 32.8875
Gora#413 74 1071.2 164.8 32.95
Gora#414 75 1073.8 165.2 33.0125
Gora#415 76 1076.4 165.6 33.075
Gora#416 77 1079 166 33.1375
Gora#417 78 1081.6 166.4 33.2
Gora#418 79 1084.2 166.8 33.2625
Gora#419 80 1086.8 167.2 33.325
Gora#420 81 1089.4 167.6 33.3875
Gora#421 82 1092 168 33.45
Gora#422 83 1094.6 168.4 33.5125
Gora#423 84 1097.2 168.8 33.575
Gora#424 85 1099.8 169.2 33.6375
Gora#425 86 1102.4 169.6 33.7
Gora#426 87 1105 170 33.7625
Gora#427 88 1107.6 170.4 33.825
Gora#428 89 1110.2 170.8 33.8875
Gora#429 90 1112.8 171.2 33.95
Gora#430 91 1115.4 171.6 34.0125
Gora#431 92 1118 172 34.075
Gora#432 93 1120.6 172.4 34.1375
Gora#433 94 1123.2 172.8 34.2
Gora#434 95 1125.8 173.2 34.2625
Gora#435 96 1128.4 173.6 34.325
Gora#436 97 1131 174 34.3875
Gora#437 98 1133.6 174.4 34.45
Gora#438 99 1136.2 174.8 34.5125
Gora#439 0 1138.8 175.2 34.575
Gora#440 1 1141.4 175.6 34.6375
Gora#441 2 1144 176 34.7
Gora#442 3 1146.6 176.4 34.7625
Gora#443 4 1149.2 176.8 34.825
Gora#444 5 1151.8 177.2 34.8875
Gora#445 6 1154.4 177.6 34.95
Gora#446 7 1157 178 35.0125
Gora#447 8 1159.6 178.4 35.075
Gora#448 9 1162.2 178.8 35.1375
Gora#449 10 1164.8 179.2 35.2
Gora#450 11 1167.4 179.6 35.2625
Gora#451 12 1170 180 35.325
Gora#452 13 1172.6 180.4 35.3875
Gora#453 14 1175.2 180.8 35.45
Gora#454 15 1177.8 181.2 35.5125
Gora#455 16 1180.4 181.6 35.575
Gora#456 17 1183 182 35.6375
Gora#457 18 1185.6 182.4 35.7
Gora#458 19 1188.2 182.8 35.7625
Gora#459 20 1190.8 183.2 35.825
Gora#460 21 1193.4 183.6 35.8875
Gora#461 22 1196 184 35.95
Gora#462 23 1198.6 184.4 36.0125
Gora#463 24 1201.2 184.8 36.075
Gora#464 25 1203.8 185.2 36.1375
Gora#465 26 1206.4 185.6 36.2
Gora#466 27 1209 186 36.2625
Gora#467 28 1211.6 186.4 36.325
Gora#468 29 1214.2 186.8 36.3875
Gora#469 30 1216.8 187.2 36.45
Gora#470 31 1219.4 187.6 36.5125
Gora#471 32 1222 188 36.575
Gora#472 33 1224.6 188.4 36.6375
Gora#473 34 1227.2 188.8 36.7
Gora#474 35 1229.8 189.2 36.7625
Gora#475 36 1232.4 189.6 36.825
Gora#476 37 1235 190 36.8875
Gora#477 38 1237.6 190.4 36.95
Gora#478 39 1240.2 190.8 37.0125
Gora#479 40 1242.8 191.2 37.075
Gora#480 41 1245.4 191.6 37.1375
Gora#481 42 1248 192 37.2
Gora#482 43 1250.6 192.4 37.2625
Gora#483 44 1253.2 192.8 37.325
Gora#484 45 1255.8 193.2 37.3875
Gora#485 46 1258.4 193.6 37.45
Gora#486 47 1261 194 37.5125
Gora#487 48 1263.6 194.4 37.575
Gora#488 49 1266.2 194.8 37.6375
Gora#489 50 1268.8 195.2 37.7
Gora#490 51 1271.4 195.6 37.7625
Gora#491 52 1274 196 37.825
Gora#492 53 1276.6 196.4 37.8875
Gora#493 54 1279.2 196.8 37.95
Gora#494 55 1281.8 197.2 38.0125
Gora#495 56 1284.4 197.6 38.075
Gora#496 57 1287 198 38.1375
Gora#497 58 1289.6 198.4 38.2
Gora#498 59 1292.2 198.8 38.2625
Gora#499 60 1294.8 199.2 38.325
Gora#500 61 1297.4 199.6 38.3875
Gora#501 62 1300 200 38.45
Gora#502 63 1302.6 200.4 38.5125
Gora#503 64 1305.2 200.8 38.575
Gora#504 65 1307.8 201.2 38.6375
Gora#505 66 1310.4 201.6 38.7
Gora#506 67 1313 202 38.7625
Gora#507 68 1315.6 202.4 38.825
Gora#508 69 1318.2 202.8 38.8875
Gora#509 70 1320.8 203.2 38.95
Gora#510 71 1323.4 203.6 39.0125
Gora#511 72 1326 204 39.075
Gora#512 73 1328.6 204.4 39.1375
Gora#513 74 1331.2 204.8 39.2
Gora#514 75 1333.8 205.2 39.2625
Gora#515 76 1336.4 205.6 39.325
Gora#516 77 1339 206 39.3875
Gora#517 78 1341.6 206.4 39.45
Gora#518 79 1344.2 206.8 39.5125
Gora#519 80 1346.8 207.2 39.575
Gora#520 81 1349.4 207.6 39.6375
Gora#521 82 1352 208 39.7
Gora#522 83 1354.6 208.4 39.7625
Gora#523 84 1357.2 208.8 39.825
Gora#524 85 1359.8 209.2 39.8875
Gora#525 86 1362.4 209.6 39.95
Gora#526 87 1365 210 40.0125
Gora#527 88 1367.6 210.4 40.075
Gora#528 89 1370.2 210.8 40.1375
Gora#529 90 1372.8 211.2 40.2
Gora#530 91 1375.4 211.6 40.2625
Gora#531 92 1378 212 40.325
Gora#532 93 1380.6 212.4 40.3875
Gora#533 94 1383.2 212.8 40.45
Gora#534 95 1385.8 213.2 40.5125
Gora#535 96 1388.4 213.6 40.575
Gora#536 97 1391 214 40.6375
Gora#537 98 1393.6 214.4 40.7
Gora#538 99 1396.2 214.8 40.7625
Gora#539 0 1398.8 215.2 40.825
Gora#540 1 1401.4 215.6 40.8875
Gora#541 2 1404 216 40.95
Gora#542 3 1406.6 216.4 41.0125
Gora#543 4 1409.2 216.8 41.075
Gora#544 5 1411.8 217.2 41.1375
Gora#545 6 1414.4 217.6 41.2
Gora#546 7 1417 218 41.2625
Gora#547 8 1419.6 218.4 41.325
Gora#548 9 1422.2 218.8 41.3875
Gora#549 10 1424.8 219.2 41.45
Gora#550 11 1427.4 219.6 41.5125
Gora#551 12 1430 220 41.575
Gora#552 13 1432.6 220.4 41.6375
Gora#553 14 1435.2 220.8 41.7
Gora#554 15 1437.8 221.2 41.7625
Gora#555 16 1440.4 221.6 41.825
Gora#556 17 1443 222 41.8875
Gora#557 18 1445.6 222.4 41.95
Gora#558 19 1448.2 222.8 42.0125
Gora#559 20 1450.8 223.2 42.075
Gora#560 21 1453.4 223.6 42.1375
Gora#561 22 1456 224 42.2
Gora#562 23 1458.6 224.4 42.2625
Gora#563 24 1461.2 224.8 42.325
Gora#564 25 1463.8 225.2 42.3875
Gora#565 26 1466.4 225.6 42.45
Gora#566 27 1469 226 42.5125
Gora#567 28 1471.6 226.4 42.575
Gora#568 29 1474.2 226.8 42.6375
Gora#569 30 1476.8 227.2 42.7
Gora#570 31 1479.4 227.6 42.7625
Gora#571 32 1482 228 42.825
Gora#572 33 1484.6 228.4 42.8875
Gora#573 34 1487.2 228.8 42.95
Gora#574 35 1489.8 229.2 43.0125
Gora#575 36 1492.4 229.6 43.075
Gora#576 37 1495 230 43.1375
Gora#577 38 1497.6 230.4 43.2
Gora#578 39 1500.2 230.8 43.2625
Gora#579 40 1502.8 231.2 43.325
Gora#580 41 1505.4 231.6 43.3875
Gora#581 42 1508 232 43.45
Gora#582 43 1510.6 232.4 43.5125
Gora#583 44 1513.2 232.8 43.575
Gora#584 45 1515.8 233.2 43.6375
Gora#585 46 1518.4 233.6 43.7
Gora#586 47 1521 234 43.7625
Gora#587 48 1523.6 234.4 43.825
Gora#588 49 1526.2 234.8 43.8875
Gora#589 50 1528.8 235.2 43.95
Gora#590 51 1531.4 235.6 44.0125
Gora#591 52 1534 236 44.075
Gora#592 53 1536.6 236.4 44.1375
Gora#593 54 1539.2 236.8 44.2
Gora#594 55 1541.8 237.2 44.2625
Gora#595 56 1544.4 237.6 44.325
Gora#596 57 1547 238 44.3875
Gora#597 58 1549.6 238.4 44.45
Gora#598 59 1552.2 238.8 44.5125
Gora#599 60 1554.8 239.2 44.575
Gora#600 61 1557.4 239.6 44.6375
Gora#601 62 1560 240 44.7
Gora#602 63 1562.6 240.4 44.7625
Gora#603 64 1565.2 240.8 44.825
Gora#604 65 1567.8 241.2 44.8875
Gora#605 66 1570.4 241.6 44.95
Gora#606 67 1573 242 45.0125
Gora#607 68 1575.6 242.4 45.075
Gora#608 69 1578.2 242.8 45.1375
Gora#609 70 1580.8 243.2 45.2
Gora#610 71 1583.4 243.6 45.2625
Gora#611 72 1586 244 45.325
Gora#612 73 1588.6 244.4 45.3875
Gora#613 74 1591.2 244.8 45.45
Gora#614 75 1593.8 245.2 45.5125
Gora#615 76 1596.4 245.6 45.575
Gora#616 77 1599 246 45.6375
Gora#617 78 1601.6 246.4 45.7
Gora#618 79 1604.2 246.8 45.7625
Gora#619 80 1606.8 247.2 45.825
Gora#620 81 1609.4 247.6 45.8875
Gora#621 82 1612 248 45.95
Gora#622 83 1614.6 248.4 46.0125
Gora#623 84 1617.2 248.8 46.075
Gora#624 85 1619.8 249.2 46.1375
Gora#625 86 1622.4 249.6 46.2
Gora#626 87 1625 250 46.2625
Gora#627 88 1627.6 250.4 46.325
Gora#628 89 1630.2 250.8 46.3875
Gora#629 90 1632.8 251.2 46.45
Gora#630 91 1635.4 251.6 46.5125
Gora#631 92 1638 252 46.575
Gora#632 93 1640.6 252.4 46.6375
Gora#633 94 1643.2 252.8 46.7
Gora#634 95 1645.8 253.2 46.7625
Gora#635 96 1648.4 253.6 46.825
Gora#636 97 1651 254 46.8875
Gora#637 98 1653.6 254.4 46.95
Gora#638 99 1656.2 254.8 47.0125
Gora#639 0 1658.8 255.2 47.075
Gora#640 1 1661.4 255.6 47.1375
Gora#641 2 1664 256 47.2
Gora#642 3 1666.6 256.4 47.2625
Gora#643 4 1669.2 256.8 47.325
Gora#644 5 1671.8 257.2 47.3875
Gora#645 6 1674.4 257.6 47.45
Gora#646 7 1677 258 47.5125
Gora#647 8 1679.6 258.4 47.575
Gora#648 9 1682.2 258.8 47.6375
Gora#649 10 1684.8 259.2 47.7
Gora#650 11 1687.4 259.6 47.7625
Gora#651 12 1690 260 47.825
Gora#652 13 1692.6 260.4 47.8875
Gora#653 14 1695.2 260.8 47.95
Gora#654 15 1697.8 261.2 48.0125
Gora#655 16 1700.4 261.6 48.075
Gora#656 17 1703 262 48.1375
Gora#657 18 1705.6 262.4 48.2
Gora#658 19 1708.2 262.8 48.2625
Gora#659 20 1710.8 263.2 48.325
Gora#660 21 1713.4 263.6 48.3875
Gora#661 22 1716 264 48.45
Gora#662 23 1718.6 264.4 48.5125
Gora#663 24 1721.2 264.8 48.575
Gora#664 25 1723.8 265.2 48.6375
Gora#665 26 1726.4 265.6 48.7
Gora#666 27 1729 266 48.7625
Gora#667 28 1731.6 266.4 48.825
Gora#668 29 1734.2 266.8 48.8875
Gora#669 30 1736.8 267.2 48.95
Gora#670 31 1739.4 267.6 49.0125
Gora#671 32 1742 268 49.075
Gora#672 33 1744.6 268.4 49.1375
Gora#673 34 1747.2 268.8 49.2
Gora#674 35 1749.8 269.2 49.2625
Gora#675 36 1752.4 269.6 49.325
Gora#676 37 1755 270 49.3875
Gora#677 38 1757.6 270.4 49.45
Gora#678 39 1760.2 270.8 49.5125
Gora#679 40 1762.8 271.2 49.575
Gora#680 41 1765.4 271.6 49.6375
Gora#681 42 1768 272 49.7
Gora#682 43 1770.6 272.4 49.7625
Gora#683 44 1773.2 272.8 49.825
Gora#684 45 1775.8 273.2 49.8875
Gora#685 46 1778.4 273.6 49.95
Gora#686 47 1781 274 50.0125
Gora#687 48 1783.6 274.4 50.075
Gora#688 49 1786.2 274.8 50.1375
Gora#689 50 1788.8 275.2 50.2
Gora#690 51 1791.4 275.6 50.2625
Gora#691 52 1794 276 50.325
Gora#692 53 1796.6 276.4 50.3875
Gora#693 54 1799.2 276.8 50.45
Gora#694 55 1801.8 277.2 50.5125
Gora#695 56 1804.4 277.6 50.575
Gora#696 57 1807 278 50.6375
Gora#697 58 1809.6 278.4 50.7
Gora#698 59 1812.2 278.8 50.7625
Gora#699 60 1814.8 279.2 50.825
Gora#700 61 1817.4 279.6 50.8875
Gora#701 62 1820 280 50.95
Gora#702 63 1822.6 280.4 51.0125
Gora#703 64 1825.2 280.8 51.075
Gora#704 65 1827.8 281.2 51.1375
Gora#705 66 1830.4 281.6 51.2
Gora#706 67 1833 282 51.2625
Gora#707 68 1835.6 282.4 51.325
Gora#708 69 1838.2 282.8 51.3875
Gora#709 70 1840.8 283.2 51.45
Gora#710 71 1843.4 283.6 51.5125
Gora#711 72 1846 284 51.575
Gora#712 73 1848.6 284.4 51.6375
Gora#713 74 1851.2 284.8 51.7
Gora#714 75 1853.8 285.2 51.7625
Gora#715 76 1856.4 285.6 51.825
Gora#716 77 1859 286 51.8875
Gora#717 78 1861.6 286.4 51.95
Gora#718 79 1864.2 286.8 52.0125
Gora#719 80 1866.8 287.2 52.075
Gora#720 81 1869.4 287.6 52.1375
Gora#721 82 1872 288 52.2
Gora#722 83 1874.6 288.4 52.2625
Gora#723 84 1877.2 288.8 52.325
Gora#724 85 1879.8 289.2 52.3875
Gora#725 86 1882.4 289.6 52.45
Gora#726 87 1885 290 52.5125
Gora#727 88 1887.6 290.4 52.575
Gora#728 89 1890.2 290.8 52.6375
Gora#729 90 1892.8 291.2 52.7
Gora#730 91 1895.4 291.6 52.7625
Gora#731 92 1898 292 52.825
Gora#732 93 1900.6 292.4 52.8875
Gora#733 94 1903.2 292.8 52.95
Gora#734 95 1905.8 293.2 53.0125
Gora#735 96 1908.4 293.6 53.075
Gora#736 97 1911 294 53.1375
Gora#737 98 1913.6 294.4 53.2
Gora#738 99 1916.2 294.8 53.2625
Gora#739 0 1918.8 295.2 53.325
Gora#740 1 1921.4 295.6 53.3875
Gora#741 2 1924 296 53.45
Gora#742 3 1926.6 296.4 53.5125
Gora#743 4 1929.2 296.8 53.575
Gora#744 5 1931.8 297.2 53.6375
Gora#745 6 1934.4 297.6 53.7
Gora#746 7 1937 298 53.7625
Gora#747 8 1939.6 298.4 53.825
Gora#748 9 1942.2 298.8 53.8875
Gora#749 10 1944.8 299.2 53.95
Gora#750 11 1947.4 299.6 54.0125
Gora#751 12 1950 300 54.075
Gora#752 13 1952.6 300.4 54.1375
Gora#753 14 1955.2 300.8 54.2
Gora#754 15 1957.8 301.2 54.2625
Gora#755 16 1960.4 301.6 54.325
Gora#756 17 1963 302 54.3875
Gora#757 18 1965.6 302.4 54.45
Gora#758 19 1968.2 302.8 54.5125
Gora#759 20 1970.8 303.2 54.575
Gora#760 21 1973.4 303.6 54.6375
Gora#761 22 1976 304 54.7
Gora#762 23 1978.6 304.4 54.7625
Gora#763 24 1981.2 304.8 54.825
Gora#764 25 1983.8 305.2 54.8875
Gora#765 26 1986.4 305.6 54.95
Gora#766 27 1989 306 55.0125
Gora#767 28 1991.6 306.4 55.075
Gora#768 29 1994.2 306.8 55.1375
Gora#769 30 1996.8 307.2 55.2
Gora#770 31 1999.4 307.6 55.2625
Gora#771 32 2002 308 55.325
Gora#772 33 2004.6 308.4 55.3875
Gora#773 34 2007.2 308.8 55.45
Gora#774 35 2009.8 309.2 55.5125
Gora#775 36 2012.4 309.6 55.575
Gora#776 37 2015 310 55.6375
Gora#777 38 2017.6 310.4 55.7