More#1 26 0 7.2
More#2 27 0.00084 7.25
More#3 28 0.00168 7.3
More#4 29 0.00252 7.35
More#5 30 0.00336 7.4
More#6 31 0.0042 7.45
More#7 32 0.00504 7.5
More#8 33 0.00588 7.55
More#9 34 0.00672 7.6
More#10 35 0.00756 7.65
More#11 36 0.0084 7.7
More#12 37 0.00924 7.75
More#13 38 0.01008 7.8
More#14 39 0.01092 7.85
More#15 40 0.01176 7.9
More#16 41 0.0126 7.95
More#17 42 0.01344 8
More#18 43 0.01428 8.05
More#19 44 0.01512 8.1
More#20 45 0.01596 8.15
More#21 46 0.0168 8.2
More#22 47 0.01764 8.25
More#23 48 0.01848 8.3
More#24 49 0.01932 8.35
More#25 50 0.02016 8.4
More#26 51 0.021 8.45
More#27 52 0.02184 8.5
More#28 53 0.02268 8.55
More#29 54 0.02352 8.6
More#30 55 0.02436 8.65
More#31 56 0.0252 8.7
More#32 57 0.02604 8.75
More#33 58 0.02688 8.8
More#34 59 0.02772 8.85
More#35 60 0.02856 8.9
More#36 61 0.0294 8.95
More#37 62 0.03024 9
More#38 63 0.03108 9.05
More#39 64 0.03192 9.1
More#40 65 0.03276 9.15
More#41 66 0.0336 9.2
More#42 67 0.03444 9.25
More#43 68 0.03528 9.3
More#44 69 0.03612 9.35
More#45 70 0.03696 9.4
More#46 71 0.0378 9.45
More#47 72 0.03864 9.5
More#48 73 0.03948 9.55
More#49 74 0.04032 9.6
More#50 75 0.04116 9.65
More#51 76 0.042 9.7
More#52 77 0.04284 9.75
More#53 78 0.04368 9.8
More#54 79 0.04452 9.85
More#55 80 0.04536 9.9
More#56 81 0.0462 9.95
More#57 82 0.04704 10
More#58 83 0.04788 10.05
More#59 84 0.04872 10.1
More#60 85 0.04956 10.15
More#61 86 0.0504 10.2
More#62 87 0.05124 10.25
More#63 88 0.05208 10.3
More#64 89 0.05292 10.35
More#65 90 0.05376 10.4
More#66 91 0.0546 10.45
More#67 92 0.05544 10.5
More#68 93 0.05628 10.55
More#69 94 0.05712 10.6
More#70 95 0.05796 10.65
More#71 96 0.0588 10.7
More#72 97 0.05964 10.75
More#73 98 0.06048 10.8
More#74 99 0.06132 10.85
More#75 0 0.06216 10.9
More#76 1 0.063 10.95
More#77 2 0.06384 11
More#78 3 0.06468 11.05
More#79 4 0.06552 11.1
More#80 5 0.06636 11.15
More#81 6 0.0672 11.2
More#82 7 0.06804 11.25
More#83 8 0.06888 11.3
More#84 9 0.06972 11.35
More#85 10 0.07056 11.4
More#86 11 0.0714 11.45
More#87 12 0.07224 11.5
More#88 13 0.07308 11.55
More#89 14 0.07392 11.6
More#90 15 0.07476 11.65
More#91 16 0.0756 11.7
More#92 17 0.07644 11.75
More#93 18 0.07728 11.8
More#94 19 0.07812 11.85
More#95 20 0.07896 11.9
More#96 21 0.0798 11.95
More#97 22 0.08064 12
More#98 23 0.08148 12.05
More#99 24 0.08232 12.1
More#100 25 0.08316 12.15
More#101 26 0.084 12.2
More#102 27 0.08484 12.25
More#103 28 0.08568 12.3
More#104 29 0.08652 12.35
More#105 30 0.08736 12.4
More#106 31 0.0882 12.45
More#107 32 0.08904 12.5
More#108 33 0.08988 12.55
More#109 34 0.09072 12.6
More#110 35 0.09156 12.65
More#111 36 0.0924 12.7
More#112 37 0.09324 12.75
More#113 38 0.09408 12.8
More#114 39 0.09492 12.85
More#115 40 0.09576 12.9
More#116 41 0.0966 12.95
More#117 42 0.09744 13
More#118 43 0.09828 13.05
More#119 44 0.09912 13.1
More#120 45 0.09996 13.15
More#121 46 0.1008 13.2
More#122 47 0.10164 13.25
More#123 48 0.10248 13.3
More#124 49 0.10332 13.35
More#125 50 0.10416 13.4
More#126 51 0.105 13.45
More#127 52 0.10584 13.5
More#128 53 0.10668 13.55
More#129 54 0.10752 13.6
More#130 55 0.10836 13.65
More#131 56 0.1092 13.7
More#132 57 0.11004 13.75
More#133 58 0.11088 13.8
More#134 59 0.11172 13.85
More#135 60 0.11256 13.9
More#136 61 0.1134 13.95
More#137 62 0.11424 14
More#138 63 0.11508 14.05
More#139 64 0.11592 14.1
More#140 65 0.11676 14.15
More#141 66 0.1176 14.2
More#142 67 0.11844 14.25
More#143 68 0.11928 14.3
More#144 69 0.12012 14.35
More#145 70 0.12096 14.4
More#146 71 0.1218 14.45
More#147 72 0.12264 14.5
More#148 73 0.12348 14.55
More#149 74 0.12432 14.6
More#150 75 0.12516 14.65
More#151 76 0.126 14.7
More#152 77 0.12684 14.75
More#153 78 0.12768 14.8
More#154 79 0.12852 14.85
More#155 80 0.12936 14.9
More#156 81 0.1302 14.95
More#157 82 0.13104 15
More#158 83 0.13188 15.05
More#159 84 0.13272 15.1
More#160 85 0.13356 15.15
More#161 86 0.1344 15.2
More#162 87 0.13524 15.25
More#163 88 0.13608 15.3
More#164 89 0.13692 15.35
More#165 90 0.13776 15.4
More#166 91 0.1386 15.45
More#167 92 0.13944 15.5
More#168 93 0.14028 15.55
More#169 94 0.14112 15.6
More#170 95 0.14196 15.65
More#171 96 0.1428 15.7
More#172 97 0.14364 15.75
More#173 98 0.14448 15.8
More#174 99 0.14532 15.85
More#175 0 0.14616 15.9
More#176 1 0.147 15.95
More#177 2 0.14784 16
More#178 3 0.14868 16.05
More#179 4 0.14952 16.1
More#180 5 0.15036 16.15
More#181 6 0.1512 16.2
More#182 7 0.15204 16.25
More#183 8 0.15288 16.3
More#184 9 0.15372 16.35
More#185 10 0.15456 16.4
More#186 11 0.1554 16.45
More#187 12 0.15624 16.5
More#188 13 0.15708 16.55
More#189 14 0.15792 16.6
More#190 15 0.15876 16.65
More#191 16 0.1596 16.7
More#192 17 0.16044 16.75
More#193 18 0.16128 16.8
More#194 19 0.16212 16.85
More#195 20 0.16296 16.9
More#196 21 0.1638 16.95
More#197 22 0.16464 17
More#198 23 0.16548 17.05
More#199 24 0.16632 17.1
More#200 25 0.16716 17.15
More#201 26 0.168 17.2
More#202 27 0.16884 17.25
More#203 28 0.16968 17.3
More#204 29 0.17052 17.35
More#205 30 0.17136 17.4
More#206 31 0.1722 17.45
More#207 32 0.17304 17.5
More#208 33 0.17388 17.55
More#209 34 0.17472 17.6
More#210 35 0.17556 17.65
More#211 36 0.1764 17.7
More#212 37 0.17724 17.75
More#213 38 0.17808 17.8
More#214 39 0.17892 17.85
More#215 40 0.17976 17.9
More#216 41 0.1806 17.95
More#217 42 0.18144 18
More#218 43 0.18228 18.05
More#219 44 0.18312 18.1
More#220 45 0.18396 18.15
More#221 46 0.1848 18.2
More#222 47 0.18564 18.25
More#223 48 0.18648 18.3
More#224 49 0.18732 18.35
More#225 50 0.18816 18.4
More#226 51 0.189 18.45
More#227 52 0.18984 18.5
More#228 53 0.19068 18.55
More#229 54 0.19152 18.6
More#230 55 0.19236 18.65
More#231 56 0.1932 18.7
More#232 57 0.19404 18.75
More#233 58 0.19488 18.8
More#234 59 0.19572 18.85
More#235 60 0.19656 18.9
More#236 61 0.1974 18.95
More#237 62 0.19824 19
More#238 63 0.19908 19.05
More#239 64 0.19992 19.1
More#240 65 0.20076 19.15
More#241 66 0.2016 19.2
More#242 67 0.20244 19.25
More#243 68 0.20328 19.3
More#244 69 0.20412 19.35
More#245 70 0.20496 19.4
More#246 71 0.2058 19.45
More#247 72 0.20664 19.5
More#248 73 0.20748 19.55
More#249 74 0.20832 19.6
More#250 75 0.20916 19.65
More#251 76 0.21 19.7
More#252 77 0.21084 19.75
More#253 78 0.21168 19.8
More#254 79 0.21252 19.85
More#255 80 0.21336 19.9
More#256 81 0.2142 19.95
More#257 82 0.21504 20
More#258 83 0.21588 20.05
More#259 84 0.21672 20.1
More#260 85 0.21756 20.15
More#261 86 0.2184 20.2
More#262 87 0.21924 20.25
More#263 88 0.22008 20.3
More#264 89 0.22092 20.35
More#265 90 0.22176 20.4
More#266 91 0.2226 20.45
More#267 92 0.22344 20.5
More#268 93 0.22428 20.55
More#269 94 0.22512 20.6
More#270 95 0.22596 20.65
More#271 96 0.2268 20.7
More#272 97 0.22764 20.75
More#273 98 0.22848 20.8
More#274 99 0.22932 20.85
More#275 0 0.23016 20.9
More#276 1 0.231 20.95
More#277 2 0.23184 21
More#278 3 0.23268 21.05
More#279 4 0.23352 21.1
More#280 5 0.23436 21.15
More#281 6 0.2352 21.2
More#282 7 0.23604 21.25
More#283 8 0.23688 21.3
More#284 9 0.23772 21.35
More#285 10 0.23856 21.4
More#286 11 0.2394 21.45
More#287 12 0.24024 21.5
More#288 13 0.24108 21.55
More#289 14 0.24192 21.6
More#290 15 0.24276 21.65
More#291 16 0.2436 21.7
More#292 17 0.24444 21.75
More#293 18 0.24528 21.8
More#294 19 0.24612 21.85
More#295 20 0.24696 21.9
More#296 21 0.2478 21.95
More#297 22 0.24864 22
More#298 23 0.24948 22.05
More#299 24 0.25032 22.1
More#300 25 0.25116 22.15
More#301 26 0.252 22.2
More#302 27 0.25284 22.25
More#303 28 0.25368 22.3
More#304 29 0.25452 22.35
More#305 30 0.25536 22.4
More#306 31 0.2562 22.45
More#307 32 0.25704 22.5
More#308 33 0.25788 22.55
More#309 34 0.25872 22.6
More#310 35 0.25956 22.65
More#311 36 0.2604 22.7
More#312 37 0.26124 22.75
More#313 38 0.26208 22.8
More#314 39 0.26292 22.85
More#315 40 0.26376 22.9
More#316 41 0.2646 22.95
More#317 42 0.26544 23
More#318 43 0.26628 23.05
More#319 44 0.26712 23.1
More#320 45 0.26796 23.15
More#321 46 0.2688 23.2
More#322 47 0.26964 23.25
More#323 48 0.27048 23.3
More#324 49 0.27132 23.35
More#325 50 0.27216 23.4
More#326 51 0.273 23.45
More#327 52 0.27384 23.5
More#328 53 0.27468 23.55
More#329 54 0.27552 23.6
More#330 55 0.27636 23.65
More#331 56 0.2772 23.7
More#332 57 0.27804 23.75
More#333 58 0.27888 23.8
More#334 59 0.27972 23.85
More#335 60 0.28056 23.9
More#336 61 0.2814 23.95
More#337 62 0.28224 24
More#338 63 0.28308 24.05
More#339 64 0.28392 24.1
More#340 65 0.28476 24.15
More#341 66 0.2856 24.2
More#342 67 0.28644 24.25
More#343 68 0.28728 24.3
More#344 69 0.28812 24.35
More#345 70 0.28896 24.4
More#346 71 0.2898 24.45
More#347 72 0.29064 24.5
More#348 73 0.29148 24.55
More#349 74 0.29232 24.6
More#350 75 0.29316 24.65
More#351 76 0.294 24.7
More#352 77 0.29484 24.75
More#353 78 0.29568 24.8
More#354 79 0.29652 24.85
More#355 80 0.29736 24.9
More#356 81 0.2982 24.95
More#357 82 0.29904 25
More#358 83 0.29988 25.05
More#359 84 0.30072 25.1
More#360 85 0.30156 25.15
More#361 86 0.3024 25.2
More#362 87 0.30324 25.25
More#363 88 0.30408 25.3
More#364 89 0.30492 25.35
More#365 90 0.30576 25.4
More#366 91 0.3066 25.45
More#367 92 0.30744 25.5
More#368 93 0.30828 25.55
More#369 94 0.30912 25.6
More#370 95 0.30996 25.65
More#371 96 0.3108 25.7
More#372 97 0.31164 25.75
More#373 98 0.31248 25.8
More#374 99 0.31332 25.85
More#375 0 0.31416 25.9
More#376 1 0.315 25.95
More#377 2 0.31584 26
More#378 3 0.31668 26.05
More#379 4 0.31752 26.1
More#380 5 0.31836 26.15
More#381 6 0.3192 26.2
More#382 7 0.32004 26.25
More#383 8 0.32088 26.3
More#384 9 0.32172 26.35
More#385 10 0.32256 26.4
More#386 11 0.3234 26.45
More#387 12 0.32424 26.5
More#388 13 0.32508 26.55
More#389 14 0.32592 26.6
More#390 15 0.32676 26.65
More#391 16 0.3276 26.7
More#392 17 0.32844 26.75
More#393 18 0.32928 26.8
More#394 19 0.33012 26.85
More#395 20 0.33096 26.9
More#396 21 0.3318 26.95
More#397 22 0.33264 27
More#398 23 0.33348 27.05
More#399 24 0.33432 27.1
More#400 25 0.33516 27.15
More#401 26 0.336 27.2
More#402 27 0.33684 27.25
More#403 28 0.33768 27.3
More#404 29 0.33852 27.35
More#405 30 0.33936 27.4
More#406 31 0.3402 27.45
More#407 32 0.34104 27.5
More#408 33 0.34188 27.55
More#409 34 0.34272 27.6
More#410 35 0.34356 27.65
More#411 36 0.3444 27.7
More#412 37 0.34524 27.75
More#413 38 0.34608 27.8
More#414 39 0.34692 27.85
More#415 40 0.34776 27.9
More#416 41 0.3486 27.95
More#417 42 0.34944 28
More#418 43 0.35028 28.05
More#419 44 0.35112 28.1
More#420 45 0.35196 28.15
More#421 46 0.3528 28.2
More#422 47 0.35364 28.25
More#423 48 0.35448 28.3
More#424 49 0.35532 28.35
More#425 50 0.35616 28.4
More#426 51 0.357 28.45
More#427 52 0.35784 28.5
More#428 53 0.35868 28.55
More#429 54 0.35952 28.6
More#430 55 0.36036 28.65
More#431 56 0.3612 28.7
More#432 57 0.36204 28.75
More#433 58 0.36288 28.8
More#434 59 0.36372 28.85
More#435 60 0.36456 28.9
More#436 61 0.3654 28.95
More#437 62 0.36624 29
More#438 63 0.36708 29.05
More#439 64 0.36792 29.1
More#440 65 0.36876 29.15
More#441 66 0.3696 29.2
More#442 67 0.37044 29.25
More#443 68 0.37128 29.3
More#444 69 0.37212 29.35
More#445 70 0.37296 29.4
More#446 71 0.3738 29.45
More#447 72 0.37464 29.5
More#448 73 0.37548 29.55
More#449 74 0.37632 29.6
More#450 75 0.37716 29.65
More#451 76 0.378 29.7
More#452 77 0.37884 29.75
More#453 78 0.37968 29.8
More#454 79 0.38052 29.85
More#455 80 0.38136 29.9
More#456 81 0.3822 29.95
More#457 82 0.38304 30
More#458 83 0.38388 30.05
More#459 84 0.38472 30.1
More#460 85 0.38556 30.15
More#461 86 0.3864 30.2
More#462 87 0.38724 30.25
More#463 88 0.38808 30.3
More#464 89 0.38892 30.35
More#465 90 0.38976 30.4
More#466 91 0.3906 30.45
More#467 92 0.39144 30.5
More#468 93 0.39228 30.55
More#469 94 0.39312 30.6
More#470 95 0.39396 30.65
More#471 96 0.3948 30.7
More#472 97 0.39564 30.75
More#473 98 0.39648 30.8
More#474 99 0.39732 30.85
More#475 0 0.39816 30.9
More#476 1 0.399 30.95
More#477 2 0.39984 31
More#478 3 0.40068 31.05
More#479 4 0.40152 31.1
More#480 5 0.40236 31.15
More#481 6 0.4032 31.2
More#482 7 0.40404 31.25
More#483 8 0.40488 31.3
More#484 9 0.40572 31.35
More#485 10 0.40656 31.4
More#486 11 0.4074 31.45
More#487 12 0.40824 31.5
More#488 13 0.40908 31.55
More#489 14 0.40992 31.6
More#490 15 0.41076 31.65
More#491 16 0.4116 31.7
More#492 17 0.41244 31.75
More#493 18 0.41328 31.8
More#494 19 0.41412 31.85
More#495 20 0.41496 31.9
More#496 21 0.4158 31.95
More#497 22 0.41664 32
More#498 23 0.41748 32.05
More#499 24 0.41832 32.1
More#500 25 0.41916 32.15
More#501 26 0.42 32.2
More#502 27 0.42084 32.25
More#503 28 0.42168 32.3
More#504 29 0.42252 32.35
More#505 30 0.42336 32.4
More#506 31 0.4242 32.45
More#507 32 0.42504 32.5
More#508 33 0.42588 32.55
More#509 34 0.42672 32.6
More#510 35 0.42756 32.65
More#511 36 0.4284 32.7
More#512 37 0.42924 32.75
More#513 38 0.43008 32.8
More#514 39 0.43092 32.85
More#515 40 0.43176 32.9
More#516 41 0.4326 32.95
More#517 42 0.43344 33
More#518 43 0.43428 33.05
More#519 44 0.43512 33.1
More#520 45 0.43596 33.15
More#521 46 0.4368 33.2
More#522 47 0.43764 33.25
More#523 48 0.43848 33.3
More#524 49 0.43932 33.35
More#525 50 0.44016 33.4
More#526 51 0.441 33.45
More#527 52 0.44184 33.5
More#528 53 0.44268 33.55
More#529 54 0.44352 33.6
More#530 55 0.44436 33.65
More#531 56 0.4452 33.7
More#532 57 0.44604 33.75
More#533 58 0.44688 33.8
More#534 59 0.44772 33.85
More#535 60 0.44856 33.9
More#536 61 0.4494 33.95
More#537 62 0.45024 34
More#538 63 0.45108 34.05
More#539 64 0.45192 34.1
More#540 65 0.45276 34.15
More#541 66 0.4536 34.2
More#542 67 0.45444 34.25
More#543 68 0.45528 34.3
More#544 69 0.45612 34.35
More#545 70 0.45696 34.4
More#546 71 0.4578 34.45
More#547 72 0.45864 34.5
More#548 73 0.45948 34.55
More#549 74 0.46032 34.6
More#550 75 0.46116 34.65
More#551 76 0.462 34.7
More#552 77 0.46284 34.75
More#553 78 0.46368 34.8
More#554 79 0.46452 34.85
More#555 80 0.46536 34.9
More#556 81 0.4662 34.95
More#557 82 0.46704 35
More#558 83 0.46788 35.05
More#559 84 0.46872 35.1
More#560 85 0.46956 35.15
More#561 86 0.4704 35.2
More#562 87 0.47124 35.25
More#563 88 0.47208 35.3
More#564 89 0.47292 35.35
More#565 90 0.47376 35.4
More#566 91 0.4746 35.45
More#567 92 0.47544 35.5
More#568 93 0.47628 35.55
More#569 94 0.47712 35.6
More#570 95 0.47796 35.65
More#571 96 0.4788 35.7
More#572 97 0.47964 35.75
More#573 98 0.48048 35.8
More#574 99 0.48132 35.85
More#575 0 0.48216 35.9
More#576 1 0.483 35.95
More#577 2 0.48384 36
More#578 3 0.48468 36.05
More#579 4 0.48552 36.1
More#580 5 0.48636 36.15
More#581 6 0.4872 36.2
More#582 7 0.48804 36.25
More#583 8 0.48888 36.3
More#584 9 0.48972 36.35
More#585 10 0.49056 36.4
More#586 11 0.4914 36.45
More#587 12 0.49224 36.5
More#588 13 0.49308 36.55
More#589 14 0.49392 36.6
More#590 15 0.49476 36.65
More#591 16 0.4956 36.7
More#592 17 0.49644 36.75
More#593 18 0.49728 36.8
More#594 19 0.49812 36.85
More#595 20 0.49896 36.9
More#596 21 0.4998 36.95
More#597 22 0.50064 37
More#598 23 0.50148 37.05
More#599 24 0.50232 37.1
More#600 25 0.50316 37.15
More#601 26 0.504 37.2
More#602 27 0.50484 37.25
More#603 28 0.50568 37.3
More#604 29 0.50652 37.35
More#605 30 0.50736 37.4
More#606 31 0.5082 37.45
More#607 32 0.50904 37.5
More#608 33 0.50988 37.55
More#609 34 0.51072 37.6
More#610 35 0.51156 37.65
More#611 36 0.5124 37.7
More#612 37 0.51324 37.75
More#613 38 0.51408 37.8
More#614 39 0.51492 37.85
More#615 40 0.51576 37.9
More#616 41 0.5166 37.95
More#617 42 0.51744 38
More#618 43 0.51828 38.05
More#619 44 0.51912 38.1
More#620 45 0.51996 38.15
More#621 46 0.5208 38.2
More#622 47 0.52164 38.25
More#623 48 0.52248 38.3
More#624 49 0.52332 38.35
More#625 50 0.52416 38.4
More#626 51 0.525 38.45
More#627 52 0.52584 38.5
More#628 53 0.52668 38.55
More#629 54 0.52752 38.6
More#630 55 0.52836 38.65
More#631 56 0.5292 38.7
More#632 57 0.53004 38.75
More#633 58 0.53088 38.8
More#634 59 0.53172 38.85
More#635 60 0.53256 38.9
More#636 61 0.5334 38.95
More#637 62 0.53424 39
More#638 63 0.53508 39.05
More#639 64 0.53592 39.1
More#640 65 0.53676 39.15
More#641 66 0.5376 39.2
More#642 67 0.53844 39.25
More#643 68 0.53928 39.3
More#644 69 0.54012 39.35
More#645 70 0.54096 39.4
More#646 71 0.5418 39.45
More#647 72 0.54264 39.5
More#648 73 0.54348 39.55
More#649 74 0.54432 39.6
More#650 75 0.54516 39.65
More#651 76 0.546 39.7
More#652 77 0.54684 39.75
More#653 78 0.54768 39.8
More#654 79 0.54852 39.85
More#655 80 0.54936 39.9
More#656 81 0.5502 39.95
More#657 82 0.55104 40
More#658 83 0.55188 40.05
More#659 84 0.55272 40.1
More#660 85 0.55356 40.15
More#661 86 0.5544 40.2
More#662 87 0.55524 40.25
More#663 88 0.55608 40.3
More#664 89 0.55692 40.35
More#665 90 0.55776 40.4
More#666 91 0.5586 40.45
More#667 92 0.55944 40.5
More#668 93 0.56028 40.55
More#669 94 0.56112 40.6
More#670 95 0.56196 40.65
More#671 96 0.5628 40.7
More#672 97 0.56364 40.75
More#673 98 0.56448 40.8
More#674 99 0.56532 40.85
More#675 0 0.56616 40.9
More#676 1 0.567 40.95
More#677 2 0.56784 41
More#678 3 0.56868 41.05
More#679 4 0.56952 41.1
More#680 5 0.57036 41.15
More#681 6 0.5712 41.2
More#682 7 0.57204 41.25
More#683 8 0.57288 41.3
More#684 9 0.57372 41.35
More#685 10 0.57456 41.4
More#686 11 0.5754 41.45
More#687 12 0.57624 41.5
More#688 13 0.57708 41.55
More#689 14 0.57792 41.6
More#690 15 0.57876 41.65
More#691 16 0.5796 41.7
More#692 17 0.58044 41.75
More#693 18 0.58128 41.8
More#694 19 0.58212 41.85
More#695 20 0.58296 41.9
More#696 21 0.5838 41.95
More#697 22 0.58464 42
More#698 23 0.58548 42.05
More#699 24 0.58632 42.1
More#700 25 0.58716 42.15
More#701 26 0.588 42.2
More#702 27 0.58884 42.25
More#703 28 0.58968 42.3
More#704 29 0.59052 42.35
More#705 30 0.59136 42.4
More#706 31 0.5922 42.45
More#707 32 0.59304 42.5
More#708 33 0.59388 42.55
More#709 34 0.59472 42.6
More#710 35 0.59556 42.65
More#711 36 0.5964 42.7
More#712 37 0.59724 42.75
More#713 38 0.59808 42.8
More#714 39 0.59892 42.85
More#715 40 0.59976 42.9
More#716 41 0.6006 42.95
More#717 42 0.60144 43
More#718 43 0.60228 43.05
More#719 44 0.60312 43.1
More#720 45 0.60396 43.15
More#721 46 0.6048 43.2
More#722 47 0.60564 43.25
More#723 48 0.60648 43.3
More#724 49 0.60732 43.35
More#725 50 0.60816 43.4
More#726 51 0.609 43.45
More#727 52 0.60984 43.5
More#728 53 0.61068 43.55
More#729 54 0.61152 43.6
More#730 55 0.61236 43.65
More#731 56 0.6132 43.7
More#732 57 0.61404 43.75
More#733 58 0.61488 43.8
More#734 59 0.61572 43.85
More#735 60 0.61656 43.9
More#736 61 0.6174 43.95
More#737 62 0.61824 44
More#738 63 0.61908 44.05
More#739 64 0.61992 44.1
More#740 65 0.62076 44.15
More#741 66 0.6216 44.2
More#742 67 0.62244 44.25
More#743 68 0.62328 44.3
More#744 69 0.62412 44.35
More#745 70 0.62496 44.4
More#746 71 0.6258 44.45
More#747 72 0.62664 44.5
More#748 73 0.62748 44.55
More#749 74 0.62832 44.6
More#750 75 0.62916 44.65
More#751 76 0.63 44.7
More#752 77 0.63084 44.75
More#753 78 0.63168 44.8
More#754 79 0.63252 44.85
More#755 80 0.63336 44.9
More#756 81 0.6342 44.95
More#757 82 0.63504 45
More#758 83 0.63588 45.05
More#759 84 0.63672 45.1
More#760 85 0.63756 45.15
More#761 86 0.6384 45.2
More#762 87 0.63924 45.25
More#763 88 0.64008 45.3
More#764 89 0.64092 45.35
More#765 90 0.64176 45.4
More#766 91 0.6426 45.45
More#767 92 0.64344 45.5
More#768 93 0.64428 45.55
More#769 94 0.64512 45.6
More#770 95 0.64596 45.65
More#771 96 0.6468 45.7
More#772 97 0.64764 45.75
More#773 98 0.64848 45.8
More#774 99 0.64932 45.85
More#775 0 0.65016 45.9
More#776 1 0.651 45.95
More#777 2 0.65184 46